944
336
609
27
675
209
690
814
485
223
709
740
585
914
858
762
662
852
756
626
149
769
230
827
803
844
492
465
78
410
475
228
99
238
799
107
364
657
604
93
375
32
349
595
915
542
861
139
386
196
331
246
11
581
630
423
614
155
822
466
45
591
612
569
707
251
911
286
538
75
413
540
703
912
483
306
304
777
124
905
473
713
467
941
531
695
204
2
47
789
17
706
894
441
616
633
244
586
422
793
736
433
19
380
187
106
785
501
207
297
57
539
220
491
800
893
859
280
105
742
717
504
52
634
665
837
734
495
906
745
243
227
674
287
444
818
544
802
162
910
509
86
266
132
621
918
464
310
842
651
79
28
103
839
494
163
191
278
698
188
446
252
199
247
335
129
659
663
571
658
329
728
869
281
212
414
301
434
730
176
314
739
260
722
904
597
211
600
436
210
144
699
693
15
302
179
226
382
133
30
471
318
562
927
943
185
737
515
516
328
50
636
363
58
897
605
611
388
721
872
570
624
682
754
753
558
723
680
500
365
610
183
883
574
63
895
322
533
368
512
936
353
153
172
851
765
546
866
248
779
371
216
885
752
764
926
171
587
763
758
876
523
692
56
333
411
623
790
593
875
877
104
925
584
67
81
127
502
376
108
219
20
670
834
701
25
478
21
671
744
459
192
580
879
415
824
130
38
80
412
656
218
805
316
91
771
716
489
396
815
532
262
908
576
277
679
637
849
119
654
761
898
456
146
208
711
236
421
101
582
556
37
39
888
257
359
347
820
320
594
549
26
687
860
855
417
65
577
424
273
270
795
631
606
683
891
95
865
253
374
488
929
514
881
757
289
193
143
613
379
71
350
442
635
543
369
229
655
315
327
66
122
439
470
794
14
700
666
377
165
69
275
705
455
64
135
767
111
120
340
588
61
402
607
305
520
159
673
126
22
886
826
68
590
114
213
718
399
283
272
407
449
221
241
233
825
534
294
348
573
525
337
113
319
224
727
720
931
332
360
420
691
12
557
726
625
381
393
476
112
167
565
646
719
934
530
245
372
89
766
710
31
298
147
138
487
18
678
168
452
175
913
128
284
182
503
264
694
9
110
832
511
448
98
142
792
240
370
33
917
510
750
547
461
759
903
505
378
578
53
74
373
863
97
741
809
770
427
232
157
840
930
401
160
480
564
324
41
406
838
874
821
282
419
117
780
517
186
583
425
51
3
123
788
733
295
857
34
552
354
526
323
559
579
555
4
867
84
629
748
773
518
249
923
668
490
140
697
131
817
797
174
321
735
214
669
54
601
429
390
884
775
836
732
622
344
942
235
367
554
902
137
649
486
643
880
291
560
430
435
652
118
900
499
864
919
1
440
935
776
940
807
702
217
384
290
180
10
82
672
201
620
920
70
778
715
528
725
937
846
200
29
743
215
889
638
677
87
813
804
242
684
704
100
596
311
72
599
497
285
563
862
416
43
566
548
250
141
458
169
519
760
296
922
644
833
189
24
522
395
618
150
255
36
696
551
190
892
806
791
339
408
184
23
506
145
203
222
450
541
44
276
92
664
48
403
60
77
513
42
394
345
308
102
307
830
443
383
418
786
96
685
356
641
357
768
437
676
173
431
796
205
645
731
472
783
85
650
647
496
686
195
330
901
225
853
453
924
432
231
524
361
603
404
850
816
755
391
46
829
847
288
55
362
274
35
177
463
256
352
438
831
632
178
871
481
341
265
136
521
239
398
938
667
856
234
457
627
882
619
462
550
738
366
152
460
166
237
148
259
317
299
426
907
749
828
572
535
774
90
94
164
170
469
615
781
498
154
134
59
161
899
263
640
916
121
479
939
254
545
608
909
194
808
527
351
474
355
617
835
312
848
334
843
454
568
261
873
642
772
602
878
8
845
343
271
268
16
708
358
267
76
292
198
447
567
896
689
575
385
589
784
400
115
428
823
5
309
40
202
729
536
746
482
197
468
819
553
326
890
529
158
156
109
392
681
508
712
151
88
661
628
751
812
342
13
928
811
300
854
810
921
477
387
206
389
116
598
83
313
484
62
714
258
592
933
660
303
325
279
507
397
7
841
724
747
125
346
787
887
870
801
493
73
798
653
338
782
49
639
561
688
0
648
405
445
409
269
451
932
537
6
293
181
868
