944
306
78
824
914
531
858
519
47
482
811
920
810
649
656
784
865
309
818
873
146
462
797
732
866
155
510
520
88
153
34
241
609
574
720
32
789
729
420
570
105
675
740
651
310
856
132
173
386
461
61
631
673
364
171
685
126
517
755
424
687
485
696
111
681
341
418
93
926
266
809
261
258
801
915
443
845
112
0
414
206
571
765
33
515
136
626
319
444
572
120
36
362
688
441
273
278
431
376
208
140
657
107
613
3
74
762
803
131
812
228
783
191
50
563
205
695
855
410
544
589
86
475
662
55
558
726
604
51
351
869
713
547
282
302
578
284
356
358
129
181
40
300
820
17
304
635
822
787
190
902
502
446
80
611
612
240
390
728
281
134
100
775
252
204
438
702
874
179
808
719
170
199
861
736
917
248
427
400
750
683
139
598
471
35
219
433
473
863
238
317
377
353
511
4
852
700
9
39
324
565
46
113
724
512
754
220
576
147
581
223
909
706
616
614
133
594
837
832
827
419
492
68
752
260
941
211
857
607
404
759
785
842
229
819
163
448
672
813
529
853
722
937
67
636
384
895
860
19
143
772
428
149
760
98
701
522
172
745
451
162
816
335
668
202
340
509
841
791
814
369
382
408
800
677
623
124
872
277
516
192
467
730
674
66
289
507
884
430
316
888
691
871
906
27
859
646
723
584
779
628
513
725
352
349
898
817
900
2
477
582
925
231
904
575
769
375
777
388
928
203
156
460
587
29
245
439
212
876
546
127
714
526
525
633
802
774
161
568
71
53
434
187
12
564
403
652
251
366
905
355
743
415
469
718
45
879
742
255
781
793
597
501
31
481
445
227
440
678
483
637
166
599
103
137
108
490
679
217
849
518
209
534
836
744
931
556
737
555
193
423
218
164
689
617
667
242
337
37
918
185
489
20
413
183
359
180
168
275
670
30
150
421
15
159
550
81
165
767
480
530
562
169
141
596
549
739
135
167
794
142
692
583
235
602
630
580
930
839
348
365
225
778
412
285
921
329
26
491
603
891
459
792
780
96
338
368
104
910
357
771
935
463
396
79
176
367
799
182
8
573
912
97
703
402
75
259
157
121
63
698
560
123
569
84
579
939
101
590
331
929
844
405
287
499
708
764
733
54
634
831
735
528
350
41
432
65
770
154
647
557
118
756
371
257
927
215
552
641
761
486
411
370
829
620
851
114
893
470
28
710
336
680
585
197
69
226
923
110
908
933
224
494
465
395
924
663
122
658
49
148
538
397
768
76
322
938
262
274
83
717
498
903
539
48
624
265
686
639
106
24
690
333
847
320
591
372
464
834
449
21
684
867
508
877
177
782
5
676
283
73
625
619
57
697
693
669
540
77
52
247
243
196
22
318
753
361
425
89
426
734
186
699
940
746
294
644
629
236
447
116
380
72
496
660
363
885
653
195
14
307
843
237
704
610
638
250
664
327
566
605
911
409
325
272
830
102
466
640
559
109
392
790
721
175
188
401
454
246
868
323
825
788
828
91
383
887
763
253
593
453
595
542
878
899
488
741
315
505
38
117
707
138
922
655
943
125
875
58
233
521
748
321
523
854
476
62
422
25
821
936
239
478
731
776
648
360
600
615
387
393
757
326
850
833
436
160
886
838
561
618
298
798
773
314
458
264
82
712
99
835
805
894
374
288
786
44
346
394
942
826
174
232
545
216
795
11
913
194
389
399
608
537
554
901
601
16
588
527
222
896
297
230
671
632
919
221
256
70
254
347
334
738
548
806
373
442
385
437
344
705
682
270
269
152
524
207
406
715
535
890
862
907
709
290
305
807
391
627
115
934
198
586
452
268
342
543
848
280
292
398
201
293
13
214
213
286
796
279
870
85
128
500
504
621
484
301
455
694
42
381
659
145
119
479
577
815
64
666
378
468
881
622
533
654
92
429
880
234
840
727
749
495
6
645
435
766
184
296
178
897
665
541
751
59
354
249
497
916
592
43
210
716
487
493
650
932
60
95
308
882
643
144
606
244
883
87
457
200
536
567
804
18
864
889
514
661
303
291
506
417
295
711
23
758
343
1
56
551
328
263
90
332
503
276
10
158
416
472
312
846
532
311
130
642
267
189
407
271
339
892
345
151
456
553
94
299
450
379
474
747
7
330
823
313
